int2bf16(-13) = 0xc150
bf162int(0x805a) = 0
float2bf16(204.500000) = 0x434c
bf162float(8062) = -0.000000 (0x80620000)
bf16_add(0xc140, 0x4000) = 0xc120
bf16_mul(0x40e0, 0x4110) = 0x427c

