int2bf16(37) = 0x4214
bf162int(0x436c) = 236
float2bf16(-1932.000000) = 0xc4f2
bf162float(41ca) = 25.250000 (0x41ca0000)
bf16_add(0x4214, 0x436c) = 0x4388
bf16_mul(0x4214, 0xc4f2) = 0xc78b

